7342128,37
6568968,39
7347063,39
504922,27
7348332,5
6584960,13
6575711,24
6584629,21
6519307,19
6575182,7
5644140,30
5397861,39
5520325,9
7342092,19
5445586,18
6560207,29
6568217,26
7346502,13
7342131,18
6584731,9
6584654,22
7353749,2
6584765,30
6575395,26
7342754,3
7345417,2
7405533,36
7378970,26
5719906,24
7369218,13
7358023,37
7379874,14
6518075,3
5229366,19
7379893,26
7357963,23
7458220,26
6575594,36
7374357,22
6575306,2
7402314,2
6557822,27
6557961,14
6571713,33
6557983,37
6573934,20
7569308,8
6566925,21
7591668,12
7597853,31
6557897,3
6518025,10
7347297,22
7553800,31
6584709,7
6571954,3
734519,13
7526427,24
6506235,4
7342118,4
7342588,6
7526129,13
7499686,11
6517862,12
7528684,16
7800469,5
6558083,8
6585083,15
6574895,10
6584616,5
6579593,8
7798847,17
7823966,19
6576996,5
6567937,12
7826001,15
6560214,3
6561598,8
7474090,27
7841071,28
1587874,28
6573907,3
1722369,20
7353896,29
7432411,2
7848079,2
7725520,2
7873182,7
5550624,3
5469940,4
7799112,18
6572544,11
6557911,24
7808815,7
7371119,20
7809074,4
5129854,16
7865710,36
6567682,3
7363368,5
7589837,15
8014804,33
2151589,9
7834060,2
7954915,6
6567503,3
6557691,4
7865645,11
7448829,37
754800,33
8036781,4
8069246,6
5051581,8
570876,11
6579779,20
7421017,11
6557806,16
8038510,24
7360930,4
7353905,17
7931333,4
8818287,17
7380253,26
8238511,3
8084854,16
7341404,3
8105229,31
8234752,23
7861742,6
7476726,4
7556161,6
7980789,39
8334538,2
1777680,27
7342596,35
8357181,24
8342324,38
6557776,5
6576028,3
8353466,26
8354868,26
1150122,5
8353050,24
8355206,38
8357093,24
8355074,24
8355068,21
8354935,24
8358766,24
7541001,12
8207914,15
7833745,6
6567741,17
7808356,16
5703061,4
7437192,9
7915074,7
7835588,38
5708230,28
5610790,22
7379786,7
8127118,2
8247359,4
7822313,39
7481079,29
8486970,34
7597358,5
6574793,6
7616812,20
781203,21
7858126,24
8355358,17
8203343,32
8055865,32
8477041,31
7342972,3
8115691,5
7586306,31
5078,38
7517111,38
449787,5
8597950,38
8540409,38
7416383,38
7922356,38
6563951,4
7990949,4
8104965,38
4781117,38
8610697,38
8609199,37
5630689,9
7628316,37
8599005,30
6518454,2
8629710,4
5022713,29
7698033,29
7931465,36
7845873,2
8383724,13
1213825,34
1163947,19
5541695,15
8467838,13
8315094,15
8715894,22
7887001,33
8066043,33
5318936,33
7633709,6
5268452,33
7419899,23
8189215,22
7892682,32
8714930,33
8426647,8
8223746,32
8731720,33
8713195,4
8872001,5
8031538,6
1795941,13
8657135,32
5536459,32
8744475,32
7344538,6
8741178,4
7771048,24
8706161,6
4154,32
8736515,16
8759907,29
7918362,19
8362809,32
334507,14
8725359,4
8724947,25
8729073,32
1687330,16
1704158,17
5588933,7
7411092,4
7377299,24
8394390,16
7941530,4
7380330,30
8627088,31
1680968,31
5097603,31
1450041,31
4905157,31
8563039,31
8651584,6
8632045,31
8631907,31
8801304,29
5409454,4
7502327,7
7918356,15
8515751,28
8408818,30
7599478,30
8477139,30
1119810,30
5421582,15
8689703,30
8692348,30
8688333,30
7648712,9
8491053,7
8526744,30
8572850,22
4762362,30
8127197,7
8816486,30
8818186,30
8142020,29
7918345,5
7918330,4
8829020,23
8808531,29
8538689,4
8432026,21
7918379,22
8827527,16
7823602,4
8861236,29
8852328,29
4819145,3
5613683,29
6579620,29
7343002,22
8711735,29
8377620,25
8628920,20
7437353,29
8869775,27
7814185,29
8721414,4
1051091,19
5744597,29
7918703,28
8807426,24
7439721,28
8859466,29
7953957,29
5532838,22
7725481,3
6575663,15
592338,5
6557727,14
8890770,28
7743443,15
8734933,17
7808645,14
8583092,4
7982733,27
8894480,28
6547387,7
7439466,4
8739882,24
6574739,11
722779,27
5036308,27
5622656,17
8945434,26
6575434,13
6585116,26
7888575,6
7682665,5
6553124,26
8049142,14
8406371,19
8103053,22
4850547,9
5339041,24
6557752,3
8782856,26
8968433,22
923381,4
8407088,26
8376841,7
7532508,26
8218440,2
8934124,26
501305,25
7752995,25
7743534,4
5745011,4
8725033,24
7620987,21
4961446,24
7816280,21
7730173,15
7548783,25
6569269,4
2336952,2
8616659,4
7380834,24
8201065,10
8979899,15
8231219,24
8777347,23
7808654,16
7639305,22
9060275,24
4970638,7
4917180,12
7421180,8
9014897,15
6574928,24
8458573,21
8943457,8
7854977,23
8861186,2
9031823,4
8133731,22
7602058,22
7844966,16
9131604,22
7786962,3
1686842,22
9082808,15
7789988,4
9079506,15
8241939,21
7913313,2
8915262,4
2250986,3
8074077,15
7401379,21
7493841,11
8584048,21
1665849,20
54249,21
9138389,21
5566902,8
8829121,14
8828620,5
8984138,8
7753630,16
9166706,20
5302634,10
9170774,20
8933586,20
9102557,14
7553946,13
9161602,2
9191044,20
9195891,3
8891214,10
7452345,20
9144497,2
8100201,20
9184529,20
7432416,18
8743959,19
8879766,18
7972687,20
8137986,4
1376180,16
8483297,7
5563538,19
7670704,19
9044130,19
8165294,6
7456269,19
9192328,19
9211796,19
9218789,18
8308979,15
9186121,19
7342587,3
8282391,19
1639644,2
7866725,5
9043660,10
7907296,5
8819885,16
7342561,4
1860922,19
7911115,9
8874588,11
8904174,4
8984074,2
9020533,5
361656,18
7488809,18
7654837,17
7378695,2
8565294,18
8486856,18
9251532,18
9251538,18
8568519,18
9257947,18
7861311,7
7861830,14
2652588,18
998714,17
8076206,14
2237989,16
1921504,17
9190652,16
8090128,8
7924635,14
8936374,17
5416512,17
9087898,3
8386525,15
5124994,2
5121719,16
7531125,12
7673493,3
6575126,3
9320285,16
1680676,3
562702,16
7779814,13
1902556,15
8249524,14
5394062,11
1775934,10
8855970,16
8174600,4
8076548,9
9347746,13
7998977,15
9121288,15
9349797,13
8982116,7
1164318,15
8973065,6
8241468,10
299368,13
4989952,5
5386398,15
9203165,2
7820964,2
8183438,4
8060245,15
9363746,3
8822319,15
9368436,11
5564361,14
1878020,15
9324149,15
491540,9
8802318,14
1590880,14
8499148,15
5093742,14
1823469,11
5705917,14
1969931,2
9428341,10
9369301,2
9245084,13
5557950,9
8071861,5
5730896,8
8751268,3
9189440,4
5248666,14
9031361,14
9043964,10
8838979,13
9000185,10
8688454,10
9335883,12
9465170,13
8034392,13
8486360,13
8580019,13
8755417,4
7834013,8
5211659,12
5548990,12
7639127,12
8885449,9
9472259,5
5121881,12
9485121,12
5554231,12
8382050,8
7907160,5
5323876,3
9507592,11
9473036,2
9479016,10
8028950,10
8385851,11
7431997,10
2350456,11
9486631,5
8215952,11
8651973,11
9184216,11
9516473,4
8209945,9
9018229,5
9348828,10
2327563,9
1570999,10
5421202,2
9083759,4
8261591,8
7745758,4
5348804,5
8135285,5
8277567,6
9254511,4
8573154,7
8301019,9
8795512,9
1423154,8
666848,6
8692860,9
8711448,8
8278409,9
6527838,3
9584811,9
4807992,8
5243195,9
9526764,8
7918392,4
9404074,9
9211284,4
7833940,9
9537798,7
8524405,7
805449,8
1932421,8
7710405,4
9086830,8
4885010,5
8326897,4
9472883,4
8496804,8
566917,8
8879909,8
1047665,8
5105628,4
5304167,3
9620671,6
8381189,8
5025305,8
9379335,5
8817400,3
9257232,7
5078261,5
8551586,4
9541785,7
7875031,8
8120371,8
4792931,8
8937216,7
7692027,6
5584198,7
9648980,7
9453396,3
7378990,7
7555074,4
8490983,3
8335913,7
6559901,3
9335802,5
7996027,4
8547590,3
8682970,5
9150647,4
9465524,4
9342682,4
9356337,5
8330554,6
9519548,7
8379463,6
5625371,4
8162792,7
4837585,7
6575040,6
1353726,6
9537877,3
7566389,4
4899113,6
8957068,4
7594389,6
5020368,2
7806233,4
8934406,6
9401855,6
9670437,6
8485664,6
9613924,6
1523670,5
8380701,6
8756844,4
8833035,4
8770380,4
8830587,6
6574034,5
9724027,4
8515794,2
8326888,5
9380684,5
9585924,3
9342205,4
8697274,5
7720854,5
9323271,4
9629605,3
9449583,5
8234835,4
9066284,5
7380243,4
7397423,4
2048592,5
9188939,5
8722498,5
6527654,5
9465808,5
5252961,5
5610463,4
9612043,3
5576194,4
7643397,4
5146621,4
7421187,4
8780148,4
5034039,4
1590035,4
8784029,4
9739928,4
9205512,4
9699656,4
6560203,4
9500910,4
9750877,4
9461593,4
9533525,4
9351429,4
9772441,3
5059439,3
9654312,3
9768611,2
9771016,3
7872443,2
8522369,3
8287964,3
7981361,3
9595070,2
9560072,2
7907511,2
9655849,3
9791553,3
8696100,3
9769546,3
7791156,2
8660317,2
9185867,2
5076247,2
9554792,2
9580140,2
5596667,2
4990114,2
8657605,2
7811369,2
5223040,2
9415383,2
5507017,2
7692223,2
